321088.6917857982 3983012.7625365052
322056.338297 3983012.811685344
322056.338297 3982012.811685344
321089.7068784873 3982014.481944278
321241.87926825834 3982067.532645529
321304.6620900985 3982154.0070982524
321252.5405021557 3982271.280671124
321135.26692928444 3982328.1405852432
321089.79015712603 3982368.631662014
321083.9371477764 3982374.427091493
321082.308854461 3982384.4707279983
321083.61342774093 3982399.029814191
321102.2273297825 3982442.893879002
321120.78009576397 3982499.687905885
321180.5163595216 3982643.0058919876
321232.90229411 3982730.3157829684
321161.46692876215 3982816.038221386
321126.54297236993 3982882.7112290435
321088.6917857982 3983012.7625365052
