# node network structure for the .nbr-file
-999 1953125.0 -999 -999 1953125.0 -999 -999 -999 1953125.0 
-999 1953125.0 1953125.0 1953125.0 1953125.0 -999 -999 1953125.0 1953125.0 
-999 -999 1953125.0 1953125.0 -999 -999 1953125.0 1953125.0 -999 
-999 -999 -999 1953125.0 1953125.0 1953125.0 1953125.0 1953125.0 -999 
-999 -999 1953125.0 1953125.0 1953125.0 -999 -999 1953125.0 1953125.0 
-999 -999 1953125.0 1953125.0 -999 -999 1953125.0 1953125.0 -999 
-999 -999 1953125.0 -999 -999 1953125.0 1953125.0 -999 -999 
-999 -999 1953125.0 -999 -999 1953125.0 -999 -999 -999 
-999 -999 1953125.0 -999 -999 1953125.0 1953125.0 -999 -999 
-999 -999 1953125.0 -999 -999 -999 1953125.0 1953125.0 -999 
