# node network structure for the .nbr-file
-999 125.0 -999 125.0 125.0 -999 -999 -999 125.0 
-999 125.0 -999 125.0 -999 -999 125.0 125.0 125.0 
-999 125.0 125.0 125.0 -999 125.0 125.0 -999 -999 
-999 -999 -999 125.0 125.0 125.0 -999 -999 -999 
-999 -999 125.0 125.0 125.0 -999 -999 125.0 125.0 
-999 -999 125.0 125.0 -999 -999 125.0 125.0 -999 
-999 -999 125.0 -999 -999 125.0 125.0 -999 -999 
-999 -999 125.0 -999 -999 125.0 125.0 -999 -999 
-999 -999 125.0 -999 -999 -999 125.0 125.0 -999 
-999 -999 125.0 -999 -999 -999 -999 125.0 -999 
