# node network structure for the .nbr-file
-999 20.0 -999 -999 20.0 -999 -999 -999 20.0 
-999 20.0 20.0 20.0 20.0 -999 20.0 20.0 20.0 
-999 -999 20.0 20.0 -999 20.0 20.0 -999 -999 
-999 -999 -999 20.0 20.0 20.0 -999 -999 -999 
-999 -999 20.0 20.0 20.0 -999 20.0 20.0 20.0 
-999 -999 20.0 20.0 -999 20.0 20.0 -999 -999 
-999 -999 20.0 -999 -999 20.0 -999 -999 -999 
-999 -999 20.0 -999 -999 20.0 20.0 -999 -999 
-999 -999 20.0 -999 -999 -999 20.0 20.0 -999 
-999 -999 20.0 -999 -999 -999 -999 20.0 -999 
